# Existing capacity: Routes using a link
56	9	88	90	91	93	96	97	100	102	104	105	107	113	114	115	119	121	123	129	130	131	132	133	150	214	314	338	417	436	446	529	546	567	577	600	
112	40	88	93	97	100	107	115	121	125	130	143	148	151	169	184	192	206	207	215	228	229	244	245	251	265	268	278	279	284	298	308	337	338	340	342	344	357	377	379	383	410	418	423	427	434	437	449	458	461	473	479	507	513	515	527	530	531	550	559	560	565	568	580	589	599	601	605	606	611	612	614	615	617	618	619	
56	11	88	89	144	147	148	152	154	156	157	159	160	161	162	163	164	165	166	167	168	169	176	198	220	236	257	270	290	300	319	328	369	402	447	464	496	547	578	591	605	
56	67	91	95	126	131	152	153	208	216	230	246	251	253	254	255	256	280	286	309	315	340	346	384	419	423	427	430	433	445	446	449	454	456	532	533	554	561	569	570	584	602	607	
28	35	97	98	422	423	424	459	460	461	462	463	464	465	466	467	468	469	470	471	472	473	
28	36	100	101	139	165	180	202	224	240	261	295	305	317	324	333	343	373	391	393	406	425	427	428	452	460	469	474	479	481	482	486	490	492	494	496	497	499	500	502	503	504	505	507	512	530	549	555	585	596	615	
56	77	102	105	112	127	132	154	155	209	217	231	247	253	268	281	287	310	316	317	342	347	351	385	415	420	430	438	439	454	461	479	480	508	510	513	519	525	545	546	550	554	557	562	571	572	587	603	608	613	616	620	
28	79	114	117	156	172	210	232	248	254	279	280	281	282	283	288	311	348	386	440	534	573	609	
0	7	
84	39	121	122	142	144	146	168	174	183	205	227	243	264	277	297	327	336	360	362	376	381	409	457	472	482	484	485	505	558	588	590	591	592	593	594	595	596	597	598	599	619	
28	10	87	89	92	94	95	98	99	101	103	106	108	109	110	111	112	116	117	118	120	122	124	125	126	127	128	150	214	314	338	417	436	446	529	546	567	577	600	
0	12	
56	14	87	90	134	135	136	137	138	139	140	141	142	143	145	146	149	150	151	153	155	158	176	198	220	236	257	270	290	300	319	328	369	402	447	464	496	547	578	591	605	
56	41	89	94	98	101	108	116	122	125	130	134	146	147	151	159	160	171	174	175	187	188	191	194	196	197	212	215	219	234	235	250	252	256	267	269	283	285	289	299	313	314	315	316	318	356	359	362	363	367	368	380	382	388	389	390	393	396	400	401	412	418	424	428	432	437	443	444	449	462	463	476	481	485	486	492	494	498	514	517	523	531	537	541	549	550	564	568	574	575	580	590	601	607	608	609	610	
28	15	
56	19	170	171	172	173	174	
28	84	90	95	96	104	112	113	117	119	123	124	129	143	149	159	169	170	172	184	193	206	212	213	228	234	244	250	256	265	278	283	289	298	308	313	319	320	321	322	323	324	325	326	327	337	346	347	348	349	352	358	377	388	410	415	416	433	435	443	445	458	473	480	507	508	516	519	525	528	537	538	539	540	545	559	564	566	574	576	589	599	
84	62	170	245	246	247	248	249	250	350	353	416	417	418	419	420	421	
0	18	
28	20	135	161	185	188	189	192	194	196	197	198	199	200	201	202	203	204	205	206	221	237	258	271	291	301	320	329	370	403	448	465	497	548	579	592	606	
28	29	136	162	177	185	187	199	238	259	272	292	302	321	330	354	357	359	360	363	365	367	368	369	370	371	372	373	374	375	376	377	404	450	466	499	551	581	593	611	
0	22	
28	82	118	119	195	196	
28	24	135	161	175	176	177	178	179	180	181	182	183	184	186	187	190	191	193	195	221	237	258	271	291	301	320	329	370	403	448	465	497	548	579	592	606	
28	26	207	208	209	210	211	212	
28	28	213	214	215	216	217	218	
28	30	378	379	380	381	382	383	384	385	386	387	388	389	390	
28	56	229	230	231	232	233	234	
28	32	137	163	178	200	222	260	273	293	303	322	331	371	391	394	396	398	400	401	402	403	404	405	406	407	408	409	410	451	467	500	552	582	594	612	
28	59	137	163	178	200	222	235	236	237	238	239	240	241	242	243	244	260	273	293	303	322	331	371	392	393	395	397	399	451	467	500	552	582	594	612	
28	34	93	94	138	152	164	179	201	208	223	230	239	246	274	280	286	294	304	309	323	332	346	372	384	405	422	425	429	432	434	438	440	441	443	444	447	448	450	451	452	453	455	457	458	468	502	532	553	561	569	583	595	607	614	
28	37	115	116	156	171	210	232	248	254	288	311	348	386	440	534	560	561	562	563	564	573	609	
28	38	141	157	167	182	189	191	204	211	226	233	242	249	255	263	276	282	307	312	326	335	349	354	356	375	378	387	408	441	455	471	504	509	512	513	514	535	556	563	565	569	571	573	574	575	578	579	581	582	583	585	586	588	589	598	610	618	
0	42	
56	43	350	
0	44	
56	46	351	352	353	
28	109	339	352	411	412	413	414	415	477	501	520	526	539	542	613	
0	45	
0	47	
0	48	
28	111	345	364	367	397	400	414	478	489	492	493	506	521	522	523	524	525	526	540	544	620	
28	50	136	162	177	186	188	199	219	220	221	222	223	224	225	226	227	228	238	259	272	292	302	321	330	355	356	358	361	362	364	366	404	450	466	499	551	581	593	611	
0	52	
0	54	
28	86	390	
0	57	
0	58	
28	60	
56	61	109	339	351	477	501	520	526	539	542	613	
0	63	
28	64	
0	65	
0	66	
28	68	92	96	126	131	138	153	164	179	201	216	223	239	252	257	258	259	260	261	262	263	264	265	274	294	304	315	323	332	340	372	405	419	424	426	428	431	435	436	437	439	442	468	502	533	553	554	570	583	584	595	602	614	
0	69	
28	71	102	103	110	266	268	269	317	341	343	394	395	413	429	430	431	460	484	487	488	493	495	498	501	506	508	512	518	524	530	538	543	549	616	
0	72	
0	73	
28	74	99	104	110	139	165	180	202	224	240	261	267	270	271	272	273	274	275	276	277	278	295	305	324	333	341	373	392	396	406	413	426	432	433	452	469	475	476	477	478	480	483	485	489	491	518	524	538	543	555	585	596	615	616	
28	76	111	345	365	366	398	399	414	478	488	490	491	506	521	540	544	620	
0	78	103	106	113	127	132	140	155	166	181	203	217	225	241	262	269	275	296	306	316	325	334	342	343	366	374	395	399	407	411	420	431	439	453	454	462	470	475	481	487	491	493	495	503	511	514	516	522	528	529	531	533	536	572	586	587	597	603	617	
28	80	128	133	157	158	192	193	211	218	233	249	255	282	284	286	287	288	289	312	318	344	349	357	358	379	387	421	441	442	456	510	515	516	535	536	557	563	576	577	580	584	587	604	610	
28	81	128	133	141	158	167	182	190	194	204	218	226	242	263	276	285	290	291	292	293	294	295	296	297	298	307	318	326	335	344	355	359	375	380	408	421	442	455	456	471	504	511	517	518	519	520	521	536	556	557	566	567	568	570	572	598	604	618	
28	83	120	123	142	145	147	168	173	183	205	227	243	264	277	297	299	300	301	302	303	304	305	306	307	308	327	336	361	363	376	382	409	457	472	483	486	487	505	558	588	619	
28	85	389	
28	107	108	140	154	166	181	203	209	225	231	241	247	253	262	266	275	281	287	296	306	310	325	334	339	341	345	347	365	374	385	394	398	407	412	429	438	453	459	470	474	476	484	490	498	503	509	515	517	523	527	532	534	535	537	541	547	548	551	552	553	555	556	558	559	562	571	586	597	608	617	
0	1	
0	2	
0	3	
0	4	
0	5	
0	6	
0	8	
0	13	
0	16	
0	17	
0	21	
0	23	
0	25	
0	27	
0	31	
0	33	
0	49	
0	51	
0	53	
0	55	
0	70	
0	75	
# Mean demand: Routes for source-destination pair
6.534700e-01	1	87	88	89	90	
4.268550e+00	2	91	92	93	94	95	96	
6.534700e-01	3	97	98	
6.534700e-01	4	99	100	101	102	103	104	
6.534700e-01	5	105	106	107	108	109	110	111	112	113	
2.334750e+00	6	114	115	116	117	
9.775650e+00	7	118	119	
1.519850e+00	8	120	121	122	123	
6.534700e-01	9	124	125	126	127	128	
6.534700e-01	10	129	130	131	132	133	
5.775650e+00	54	389	
5.340400e+01	85	
3.754195e+01	11	134	135	136	137	138	139	140	141	142	143	
3.054195e+01	12	144	145	146	147	
3.249400e+00	13	148	149	150	151	152	153	154	155	156	157	158	159	
6.840400e+01	14	160	161	162	163	164	165	166	167	168	169	
5.775650e+00	15	
1.330000e+00	16	170	
2.249400e+00	17	171	172	
1.858651e+01	18	173	174	
3.519155e+01	19	
1.166665e+01	20	175	176	177	178	179	180	181	182	183	184	
3.948470e+00	21	185	186	187	188	
5.775650e+00	22	189	190	191	192	193	194	
3.948470e+00	23	195	196	
2.966665e+01	24	197	198	199	200	201	202	203	204	205	206	
1.330000e+00	25	207	208	209	210	211	212	
1.330000e+00	26	
3.948470e+00	27	213	214	215	216	217	218	
5.775650e+00	28	
9.775650e+00	29	219	220	221	222	223	224	225	226	227	228	
3.249400e+00	30	
3.948470e+00	31	229	230	231	232	233	234	
1.766665e+01	32	235	236	237	238	239	240	241	242	243	244	
2.249400e+00	33	245	246	247	248	249	250	
2.654195e+01	34	251	252	253	254	255	256	257	258	259	260	261	262	263	264	265	
1.366665e+01	35	
9.775650e+00	36	266	267	268	269	270	271	272	273	274	275	276	277	278	
1.248000e+00	37	279	280	281	282	283	
3.054195e+01	38	284	285	286	287	288	289	290	291	292	293	294	295	296	297	298	
6.775650e+00	39	299	300	301	302	303	304	305	306	307	308	
1.070120e+02	40	309	310	311	312	313	314	315	316	317	318	319	320	321	322	323	324	325	326	327	
8.440400e+01	41	328	329	330	331	332	333	334	335	336	337	338	339	340	341	342	343	344	345	346	347	348	349	
3.700155e+01	42	350	
1.166665e+01	43	
3.881155e+01	44	351	352	
2.354195e+01	45	353	
1.330000e+00	46	
8.249400e+00	47	354	355	356	357	358	359	
2.054195e+01	48	360	361	362	363	
3.948470e+00	49	364	365	366	367	
3.554195e+01	50	368	369	370	371	372	373	374	375	376	377	
1.330000e+00	55	390	
3.249400e+00	51	378	379	380	
1.954195e+01	52	381	382	
1.330000e+00	53	383	384	385	386	387	388	
1.858651e+01	56	
9.775650e+00	86	
5.775650e+00	57	391	392	393	394	395	396	
1.224940e+01	58	397	398	399	400	
3.754195e+01	59	401	402	403	404	405	406	407	408	409	410	
3.948470e+00	60	
2.249400e+00	61	411	412	413	414	415	
4.853470e+00	62	
7.939770e+00	63	416	417	418	419	420	421	
1.766665e+01	64	
9.775650e+00	65	422	423	424	
2.354195e+01	66	425	426	427	428	429	430	431	432	433	
2.249400e+00	67	434	435	436	437	438	439	440	441	442	443	
1.766665e+01	68	444	445	446	447	448	449	450	451	452	453	454	455	456	457	458	
4.249400e+00	69	459	460	461	462	
3.249400e+00	70	463	464	465	466	467	468	469	470	471	472	473	
6.249400e+00	71	474	475	476	477	478	479	480	481	
7.034770e+00	72	482	483	484	485	486	487	
6.775650e+00	73	488	489	490	491	492	493	
1.966665e+01	74	494	495	496	497	498	499	500	501	502	503	504	505	506	507	508	
1.330000e+00	75	509	510	511	512	513	514	515	516	517	518	519	520	521	
9.775650e+00	76	522	523	524	525	526	
3.249400e+00	77	527	528	529	530	531	532	533	534	535	536	537	538	539	540	
3.224940e+01	78	541	542	543	544	545	546	547	548	549	550	551	552	553	554	555	556	557	558	559	
6.534700e-01	79	560	561	562	563	564	
1.766665e+01	80	565	566	567	568	569	570	571	572	573	574	
3.966665e+01	81	575	576	577	578	579	580	581	582	583	584	585	586	587	588	589	
1.766665e+01	82	
5.775650e+00	83	590	591	592	593	594	595	596	597	598	599	
4.624940e+01	84	600	601	602	603	604	605	606	607	608	609	610	611	612	613	614	615	616	617	618	619	620	
# Stochastic elements
         RHS   DEM112Z       0.00000           0.47500 
         RHS   DEM112Z       0.12080           0.19000 
         RHS   DEM112Z       0.68969           0.19000 
         RHS   DEM112Z       1.65243           0.09500 
         RHS   DEM112Z       6.85000           0.05000 
         RHS   DEM11M8       0.00000           0.85500 
         RHS   DEM11M8       5.39001           0.09500 
         RHS   DEM11M8      75.13000           0.05000 
         RHS   DEM11MQ       0.00000           0.47500 
         RHS   DEM11MQ       0.12080           0.19000 
         RHS   DEM11MQ       0.68969           0.19000 
         RHS   DEM11MQ       1.65243           0.09500 
         RHS   DEM11MQ       6.85000           0.05000 
         RHS   DEM11P1       0.00000           0.47500 
         RHS   DEM11P1       0.12080           0.19000 
         RHS   DEM11P1       0.68969           0.19000 
         RHS   DEM11P1       1.65243           0.09500 
         RHS   DEM11P1       6.85000           0.05000 
         RHS   DEM11P2       0.00000           0.47500 
         RHS   DEM11P2       0.12080           0.19000 
         RHS   DEM11P2       0.68969           0.19000 
         RHS   DEM11P2       1.65243           0.09500 
         RHS   DEM11P2       6.85000           0.05000 
         RHS   DEM11P3       0.00000           0.85500 
         RHS   DEM11P3       3.17105           0.09500 
         RHS   DEM11P3      40.67000           0.05000 
         RHS   DEM11PU       4.18082           0.09500 
         RHS   DEM11PU       6.74172           0.19000 
         RHS   DEM11PU       8.25498           0.19000 
         RHS   DEM11PU       9.41902           0.19000 
         RHS   DEM11PU      10.93228           0.19000 
         RHS   DEM11PU      13.49318           0.09500 
         RHS   DEM11PU      27.61000           0.05000 
         RHS   DEM11PZ       0.00000           0.85500 
         RHS   DEM11PZ       1.80895           0.09500 
         RHS   DEM11PZ      26.96000           0.05000 
         RHS   DEM11TH       0.00000           0.47500 
         RHS   DEM11TH       0.12080           0.19000 
         RHS   DEM11TH       0.68969           0.19000 
         RHS   DEM11TH       1.65243           0.09500 
         RHS   DEM11TH       6.85000           0.05000 
         RHS   DEM11TL       0.00000           0.47500 
         RHS   DEM11TL       0.12080           0.19000 
         RHS   DEM11TL       0.68969           0.19000 
         RHS   DEM11TL       1.65243           0.09500 
         RHS   DEM11TL       6.85000           0.05000 
         RHS   DEM1DFP       0.18082           0.09500 
         RHS   DEM1DFP       2.74172           0.19000 
         RHS   DEM1DFP       4.25498           0.19000 
         RHS   DEM1DFP       5.41902           0.19000 
         RHS   DEM1DFP       6.93228           0.19000 
         RHS   DEM1DFP       9.49318           0.09500 
         RHS   DEM1DFP      23.61000           0.05000 
         RHS   DEM1DTL      10.70999           0.09500 
         RHS   DEM1DTL      31.24700           0.19000 
         RHS   DEM1DTL      43.38250           0.19000 
         RHS   DEM1DTL      52.71750           0.19000 
         RHS   DEM1DTL      64.85300           0.19000 
         RHS   DEM1DTL      85.39001           0.09500 
         RHS   DEM1DTL     155.13000           0.05000 
         RHS   DEM2ZCS      18.53095           0.09500 
         RHS   DEM2ZCS      27.50698           0.19000 
         RHS   DEM2ZCS      32.81099           0.19000 
         RHS   DEM2ZCS      36.89101           0.19000 
         RHS   DEM2ZCS      42.19502           0.19000 
         RHS   DEM2ZCS      51.17105           0.09500 
         RHS   DEM2ZCS      88.67000           0.05000 
         RHS   DEM2ZPZ      11.53095           0.09500 
         RHS   DEM2ZPZ      20.50698           0.19000 
         RHS   DEM2ZPZ      25.81099           0.19000 
         RHS   DEM2ZPZ      29.89101           0.19000 
         RHS   DEM2ZPZ      35.19502           0.19000 
         RHS   DEM2ZPZ      44.17105           0.09500 
         RHS   DEM2ZPZ      81.67000           0.05000 
         RHS   DEM2ZTH       1.15157           0.09500 
         RHS   DEM2ZTH       2.11431           0.19000 
         RHS   DEM2ZTH       2.68320           0.19000 
         RHS   DEM2ZTH       3.12080           0.19000 
         RHS   DEM2ZTH       3.68969           0.19000 
         RHS   DEM2ZTH       4.65243           0.09500 
         RHS   DEM2ZTH       9.85000           0.05000 
         RHS   DEM2ZTL      25.70999           0.09500 
         RHS   DEM2ZTL      46.24700           0.19000 
         RHS   DEM2ZTL      58.38250           0.19000 
         RHS   DEM2ZTL      67.71750           0.19000 
         RHS   DEM2ZTL      79.85300           0.19000 
         RHS   DEM2ZTL     100.39001           0.09500 
         RHS   DEM2ZTL     170.13000           0.05000 
         RHS   DEMACTL       0.18082           0.09500 
         RHS   DEMACTL       2.74172           0.19000 
         RHS   DEMACTL       4.25498           0.19000 
         RHS   DEMACTL       5.41902           0.19000 
         RHS   DEMACTL       6.93228           0.19000 
         RHS   DEMACTL       9.49318           0.09500 
         RHS   DEMACTL      23.61000           0.05000 
         RHS   DEMADLA       0.00000           0.09500 
         RHS   DEMADLA       0.11431           0.19000 
         RHS   DEMADLA       0.68320           0.19000 
         RHS   DEMADLA       1.12080           0.19000 
         RHS   DEMADLA       1.68969           0.19000 
         RHS   DEMADLA       2.65243           0.09500 
         RHS   DEMADLA       7.85000           0.05000 
         RHS   DEMADP3       0.15157           0.09500 
         RHS   DEMADP3       1.11431           0.19000 
         RHS   DEMADP3       1.68320           0.19000 
         RHS   DEMADP3       2.12080           0.19000 
         RHS   DEMADP3       2.68969           0.19000 
         RHS   DEMADP3       3.65243           0.09500 
         RHS   DEMADP3       8.85000           0.05000 
         RHS   DEMADPZ       0.00000           0.09500 
         RHS   DEMADPZ       8.50698           0.19000 
         RHS   DEMADPZ      13.81099           0.19000 
         RHS   DEMADPZ      17.89101           0.19000 
         RHS   DEMADPZ      23.19502           0.19000 
         RHS   DEMADPZ      32.17105           0.09500 
         RHS   DEMADPZ      69.67000           0.05000 
         RHS   DEMADTL       0.00000           0.09500 
         RHS   DEMADTL      12.24700           0.19000 
         RHS   DEMADTL      24.38250           0.19000 
         RHS   DEMADTL      33.71750           0.19000 
         RHS   DEMADTL      45.85300           0.19000 
         RHS   DEMADTL      66.39001           0.09500 
         RHS   DEMADTL     136.13000           0.05000 
         RHS   DEMBUCS       1.12505           0.09500 
         RHS   DEMBUCS       5.98812           0.19000 
         RHS   DEMBUCS       8.86176           0.19000 
         RHS   DEMBUCS      11.07224           0.19000 
         RHS   DEMBUCS      13.94588           0.19000 
         RHS   DEMBUCS      18.80895           0.09500 
         RHS   DEMBUCS      43.96000           0.05000 
         RHS   DEMBUEP       0.00000           0.09500 
         RHS   DEMBUEP       0.74172           0.19000 
         RHS   DEMBUEP       2.25498           0.19000 
         RHS   DEMBUEP       3.41902           0.19000 
         RHS   DEMBUEP       4.93228           0.19000 
         RHS   DEMBUEP       7.49318           0.09500 
         RHS   DEMBUEP      21.61000           0.05000 
         RHS   DEMBUPP       0.18082           0.09500 
         RHS   DEMBUPP       2.74172           0.19000 
         RHS   DEMBUPP       4.25498           0.19000 
         RHS   DEMBUPP       5.41902           0.19000 
         RHS   DEMBUPP       6.93228           0.19000 
         RHS   DEMBUPP       9.49318           0.09500 
         RHS   DEMBUPP      23.61000           0.05000 
         RHS   DEMBUPU       0.00000           0.09500 
         RHS   DEMBUPU       0.74172           0.19000 
         RHS   DEMBUPU       2.25498           0.19000 
         RHS   DEMBUPU       3.41902           0.19000 
         RHS   DEMBUPU       4.93228           0.19000 
         RHS   DEMBUPU       7.49318           0.09500 
         RHS   DEMBUPU      21.61000           0.05000 
         RHS   DEMBUTL      19.12505           0.09500 
         RHS   DEMBUTL      23.98812           0.19000 
         RHS   DEMBUTL      26.86176           0.19000 
         RHS   DEMBUTL      29.07224           0.19000 
         RHS   DEMBUTL      31.94588           0.19000 
         RHS   DEMBUTL      36.80895           0.09500 
         RHS   DEMBUTL      61.96000           0.05000 
         RHS   DEMCDCS       0.00000           0.09500 
         RHS   DEMCDCS       0.11431           0.19000 
         RHS   DEMCDCS       0.68320           0.19000 
         RHS   DEMCDCS       1.12080           0.19000 
         RHS   DEMCDCS       1.68969           0.19000 
         RHS   DEMCDCS       2.65243           0.09500 
         RHS   DEMCDCS       7.85000           0.05000 
         RHS   DEMCDTH       0.00000           0.09500 
         RHS   DEMCDTH       0.11431           0.19000 
         RHS   DEMCDTH       0.68320           0.19000 
         RHS   DEMCDTH       1.12080           0.19000 
         RHS   DEMCDTH       1.68969           0.19000 
         RHS   DEMCDTH       2.65243           0.09500 
         RHS   DEMCDTH       7.85000           0.05000 
         RHS   DEMCHTH       0.00000           0.09500 
         RHS   DEMCHTH       0.74172           0.19000 
         RHS   DEMCHTH       2.25498           0.19000 
         RHS   DEMCHTH       3.41902           0.19000 
         RHS   DEMCHTH       4.93228           0.19000 
         RHS   DEMCHTH       7.49318           0.09500 
         RHS   DEMCHTH      21.61000           0.05000 
         RHS   DEMCHTL       0.18082           0.09500 
         RHS   DEMCHTL       2.74172           0.19000 
         RHS   DEMCHTL       4.25498           0.19000 
         RHS   DEMCHTL       5.41902           0.19000 
         RHS   DEMCHTL       6.93228           0.19000 
         RHS   DEMCHTL       9.49318           0.09500 
         RHS   DEMCHTL      23.61000           0.05000 
         RHS   DEMCSEP       4.18082           0.09500 
         RHS   DEMCSEP       6.74172           0.19000 
         RHS   DEMCSEP       8.25498           0.19000 
         RHS   DEMCSEP       9.41902           0.19000 
         RHS   DEMCSEP      10.93228           0.19000 
         RHS   DEMCSEP      13.49318           0.09500 
         RHS   DEMCSEP      27.61000           0.05000 
         RHS   DEMCSFP       1.15157           0.09500 
         RHS   DEMCSFP       2.11431           0.19000 
         RHS   DEMCSFP       2.68320           0.19000 
         RHS   DEMCSFP       3.12080           0.19000 
         RHS   DEMCSFP       3.68969           0.19000 
         RHS   DEMCSFP       4.65243           0.09500 
         RHS   DEMCSFP       9.85000           0.05000 
         RHS   DEMCSGR       0.00000           0.09500 
         RHS   DEMCSGR       0.74172           0.19000 
         RHS   DEMCSGR       2.25498           0.19000 
         RHS   DEMCSGR       3.41902           0.19000 
         RHS   DEMCSGR       4.93228           0.19000 
         RHS   DEMCSGR       7.49318           0.09500 
         RHS   DEMCSGR      21.61000           0.05000 
         RHS   DEMCSHB       7.12505           0.09500 
         RHS   DEMCSHB      11.98812           0.19000 
         RHS   DEMCSHB      14.86176           0.19000 
         RHS   DEMCSHB      17.07224           0.19000 
         RHS   DEMCSHB      19.94588           0.19000 
         RHS   DEMCSHB      24.80895           0.09500 
         RHS   DEMCSHB      49.96000           0.05000 
         RHS   DEMCSLA       0.15157           0.09500 
         RHS   DEMCSLA       1.11431           0.19000 
         RHS   DEMCSLA       1.68320           0.19000 
         RHS   DEMCSLA       2.12080           0.19000 
         RHS   DEMCSLA       2.68969           0.19000 
         RHS   DEMCSLA       3.65243           0.09500 
         RHS   DEMCSLA       8.85000           0.05000 
         RHS   DEMCSM8       7.53095           0.09500 
         RHS   DEMCSM8      16.50698           0.19000 
         RHS   DEMCSM8      21.81099           0.19000 
         RHS   DEMCSM8      25.89101           0.19000 
         RHS   DEMCSM8      31.19502           0.19000 
         RHS   DEMCSM8      40.17105           0.09500 
         RHS   DEMCSM8      77.67000           0.05000 
         RHS   DEMCSMQ       3.12505           0.09500 
         RHS   DEMCSMQ       7.98812           0.19000 
         RHS   DEMCSMQ      10.86176           0.19000 
         RHS   DEMCSMQ      13.07224           0.19000 
         RHS   DEMCSMQ      15.94588           0.19000 
         RHS   DEMCSMQ      20.80895           0.09500 
         RHS   DEMCSMQ      45.96000           0.05000 
         RHS   DEMCSP1       4.18082           0.09500 
         RHS   DEMCSP1       6.74172           0.19000 
         RHS   DEMCSP1       8.25498           0.19000 
         RHS   DEMCSP1       9.41902           0.19000 
         RHS   DEMCSP1      10.93228           0.19000 
         RHS   DEMCSP1      13.49318           0.09500 
         RHS   DEMCSP1      27.61000           0.05000 
         RHS   DEMCSP3       0.00000           0.95000 
         RHS   DEMCSP3      24.96000           0.05000 
         RHS   DEMCSPP      11.53095           0.09500 
         RHS   DEMCSPP      20.50698           0.19000 
         RHS   DEMCSPP      25.81099           0.19000 
         RHS   DEMCSPP      29.89101           0.19000 
         RHS   DEMCSPP      35.19502           0.19000 
         RHS   DEMCSPP      44.17105           0.09500 
         RHS   DEMCSPP      81.67000           0.05000 
         RHS   DEMCSPZ       1.18082           0.09500 
         RHS   DEMCSPZ       3.74172           0.19000 
         RHS   DEMCSPZ       5.25498           0.19000 
         RHS   DEMCSPZ       6.41902           0.19000 
         RHS   DEMCSPZ       7.93228           0.19000 
         RHS   DEMCSPZ      10.49318           0.09500 
         RHS   DEMCSPZ      24.61000           0.05000 
         RHS   DEMCSTH      35.83001           0.09500 
         RHS   DEMCSTH      70.28201           0.19000 
         RHS   DEMCSTH      90.64000           0.19000 
         RHS   DEMCSTH     106.30000           0.19000 
         RHS   DEMCSTH     126.65799           0.19000 
         RHS   DEMCSTH     161.10999           0.09500 
         RHS   DEMCSTH     269.31000           0.05000 
         RHS   DEMCSTL      41.70999           0.09500 
         RHS   DEMCSTL      62.24700           0.19000 
         RHS   DEMCSTL      74.38250           0.19000 
         RHS   DEMCSTL      83.71750           0.19000 
         RHS   DEMCSTL      95.85300           0.19000 
         RHS   DEMCSTL     116.39001           0.09500 
         RHS   DEMCSTL     186.13000           0.05000 
         RHS   DEMDKLA       0.00000           0.09500 
         RHS   DEMDKLA      14.24700           0.19000 
         RHS   DEMDKLA      26.38250           0.19000 
         RHS   DEMDKLA      35.71750           0.19000 
         RHS   DEMDKLA      47.85300           0.19000 
         RHS   DEMDKLA      68.39001           0.09500 
         RHS   DEMDKLA     138.13000           0.05000 
         RHS   DEMDKTH       1.12505           0.09500 
         RHS   DEMDKTH       5.98812           0.19000 
         RHS   DEMDKTH       8.86176           0.19000 
         RHS   DEMDKTH      11.07224           0.19000 
         RHS   DEMDKTH      13.94588           0.19000 
         RHS   DEMDKTH      18.80895           0.09500 
         RHS   DEMDKTH      43.96000           0.05000 
         RHS   DEMELIC       0.00000           0.09500 
         RHS   DEMELIC      16.24700           0.19000 
         RHS   DEMELIC      28.38250           0.19000 
         RHS   DEMELIC      37.71750           0.19000 
         RHS   DEMELIC      49.85300           0.19000 
         RHS   DEMELIC      70.39001           0.09500 
         RHS   DEMELIC     140.13000           0.05000 
         RHS   DEMELLA       4.53095           0.09500 
         RHS   DEMELLA      13.50698           0.19000 
         RHS   DEMELLA      18.81099           0.19000 
         RHS   DEMELLA      22.89101           0.19000 
         RHS   DEMELLA      28.19502           0.19000 
         RHS   DEMELLA      37.17105           0.09500 
         RHS   DEMELLA      74.67000           0.05000 
         RHS   DEMELTH       0.00000           0.09500 
         RHS   DEMELTH       0.11431           0.19000 
         RHS   DEMELTH       0.68320           0.19000 
         RHS   DEMELTH       1.12080           0.19000 
         RHS   DEMELTH       1.68969           0.19000 
         RHS   DEMELTH       2.65243           0.09500 
         RHS   DEMELTH       7.85000           0.05000 
         RHS   DEMEPPP       6.15157           0.09500 
         RHS   DEMEPPP       7.11431           0.19000 
         RHS   DEMEPPP       7.68320           0.19000 
         RHS   DEMEPPP       8.12080           0.19000 
         RHS   DEMEPPP       8.68969           0.19000 
         RHS   DEMEPPP       9.65243           0.09500 
         RHS   DEMEPPP      14.85000           0.05000 
         RHS   DEMEPPZ       1.53095           0.09500 
         RHS   DEMEPPZ      10.50698           0.19000 
         RHS   DEMEPPZ      15.81099           0.19000 
         RHS   DEMEPPZ      19.89101           0.19000 
         RHS   DEMEPPZ      25.19502           0.19000 
         RHS   DEMEPPZ      34.17105           0.09500 
         RHS   DEMEPPZ      71.67000           0.05000 
         RHS   DEMEPRM       0.00000           0.09500 
         RHS   DEMEPRM       0.74172           0.19000 
         RHS   DEMEPRM       2.25498           0.19000 
         RHS   DEMEPRM       3.41902           0.19000 
         RHS   DEMEPRM       4.93228           0.19000 
         RHS   DEMEPRM       7.49318           0.09500 
         RHS   DEMEPRM      21.61000           0.05000 
         RHS   DEMEPTL      16.53095           0.09500 
         RHS   DEMEPTL      25.50698           0.19000 
         RHS   DEMEPTL      30.81099           0.19000 
         RHS   DEMEPTL      34.89101           0.19000 
         RHS   DEMEPTL      40.19502           0.19000 
         RHS   DEMEPTL      49.17105           0.09500 
         RHS   DEMEPTL      86.67000           0.05000 
         RHS   DEMFPHA       0.00000           0.09500 
         RHS   DEMFPHA       0.11431           0.19000 
         RHS   DEMFPHA       0.68320           0.19000 
         RHS   DEMFPHA       1.12080           0.19000 
         RHS   DEMFPHA       1.68969           0.19000 
         RHS   DEMFPHA       2.65243           0.09500 
         RHS   DEMFPHA       7.85000           0.05000 
         RHS   DEMFPPP       1.15157           0.09500 
         RHS   DEMFPPP       2.11431           0.19000 
         RHS   DEMFPPP       2.68320           0.19000 
         RHS   DEMFPPP       3.12080           0.19000 
         RHS   DEMFPPP       3.68969           0.19000 
         RHS   DEMFPPP       4.65243           0.09500 
         RHS   DEMFPPP       9.85000           0.05000 
         RHS   DEMFPPZ       0.53095           0.09500 
         RHS   DEMFPPZ       9.50698           0.19000 
         RHS   DEMFPPZ      14.81099           0.19000 
         RHS   DEMFPPZ      18.89101           0.19000 
         RHS   DEMFPPZ      24.19502           0.19000 
         RHS   DEMFPPZ      33.17105           0.09500 
         RHS   DEMFPPZ      70.67000           0.05000 
         RHS   DEMFPTH       0.00000           0.09500 
         RHS   DEMFPTH       0.11431           0.19000 
         RHS   DEMFPTH       0.68320           0.19000 
         RHS   DEMFPTH       1.12080           0.19000 
         RHS   DEMFPTH       1.68969           0.19000 
         RHS   DEMFPTH       2.65243           0.09500 
         RHS   DEMFPTH       7.85000           0.05000 
         RHS   DEMGRTH       0.00000           0.09500 
         RHS   DEMGRTH       8.50698           0.19000 
         RHS   DEMGRTH      13.81099           0.19000 
         RHS   DEMGRTH      17.89101           0.19000 
         RHS   DEMGRTH      23.19502           0.19000 
         RHS   DEMGRTH      32.17105           0.09500 
         RHS   DEMGRTH      69.67000           0.05000 
         RHS   DEMHATL       4.18082           0.09500 
         RHS   DEMHATL       6.74172           0.19000 
         RHS   DEMHATL       8.25498           0.19000 
         RHS   DEMHATL       9.41902           0.19000 
         RHS   DEMHATL      10.93228           0.19000 
         RHS   DEMHATL      13.49318           0.09500 
         RHS   DEMHATL      27.61000           0.05000 
         RHS   DEMHBP1       0.18082           0.09500 
         RHS   DEMHBP1       2.74172           0.19000 
         RHS   DEMHBP1       4.25498           0.19000 
         RHS   DEMHBP1       5.41902           0.19000 
         RHS   DEMHBP1       6.93228           0.19000 
         RHS   DEMHBP1       9.49318           0.09500 
         RHS   DEMHBP1      23.61000           0.05000 
         RHS   DEMHBRM      10.15157           0.09500 
         RHS   DEMHBRM      11.11431           0.19000 
         RHS   DEMHBRM      11.68320           0.19000 
         RHS   DEMHBRM      12.12080           0.19000 
         RHS   DEMHBRM      12.68969           0.19000 
         RHS   DEMHBRM      13.65243           0.09500 
         RHS   DEMHBRM      18.85000           0.05000 
         RHS   DEMHBTL      18.53095           0.09500 
         RHS   DEMHBTL      27.50698           0.19000 
         RHS   DEMHBTL      32.81099           0.19000 
         RHS   DEMHBTL      36.89101           0.19000 
         RHS   DEMHBTL      42.19502           0.19000 
         RHS   DEMHBTL      51.17105           0.09500 
         RHS   DEMHBTL      88.67000           0.05000 
         RHS   DEMHRTH       0.00000           0.09500 
         RHS   DEMHRTH       0.74172           0.19000 
         RHS   DEMHRTH       2.25498           0.19000 
         RHS   DEMHRTH       3.41902           0.19000 
         RHS   DEMHRTH       4.93228           0.19000 
         RHS   DEMHRTH       7.49318           0.09500 
         RHS   DEMHRTH      21.61000           0.05000 
         RHS   DEMICP2       0.15157           0.09500 
         RHS   DEMICP2       1.11431           0.19000 
         RHS   DEMICP2       1.68320           0.19000 
         RHS   DEMICP2       2.12080           0.19000 
         RHS   DEMICP2       2.68969           0.19000 
         RHS   DEMICP2       3.65243           0.09500 
         RHS   DEMICP2       8.85000           0.05000 
         RHS   DEMLATH       0.00000           0.09500 
         RHS   DEMLATH       1.74172           0.19000 
         RHS   DEMLATH       3.25498           0.19000 
         RHS   DEMLATH       4.41902           0.19000 
         RHS   DEMLATH       5.93228           0.19000 
         RHS   DEMLATH       8.49318           0.09500 
         RHS   DEMLATH      22.61000           0.05000 
         RHS   DEMLATL       0.00000           0.09500 
         RHS   DEMLATL       1.98812           0.19000 
         RHS   DEMLATL       4.86176           0.19000 
         RHS   DEMLATL       7.07224           0.19000 
         RHS   DEMLATL       9.94588           0.19000 
         RHS   DEMLATL      14.80895           0.09500 
         RHS   DEMLATL      39.96000           0.05000 
         RHS   DEMM1TL       7.12505           0.09500 
         RHS   DEMM1TL      11.98812           0.19000 
         RHS   DEMM1TL      14.86176           0.19000 
         RHS   DEMM1TL      17.07224           0.19000 
         RHS   DEMM1TL      19.94588           0.19000 
         RHS   DEMM1TL      24.80895           0.09500 
         RHS   DEMM1TL      49.96000           0.05000 
         RHS   DEMM8MQ       4.18082           0.09500 
         RHS   DEMM8MQ       6.74172           0.19000 
         RHS   DEMM8MQ       8.25498           0.19000 
         RHS   DEMM8MQ       9.41902           0.19000 
         RHS   DEMM8MQ      10.93228           0.19000 
         RHS   DEMM8MQ      13.49318           0.09500 
         RHS   DEMM8MQ      27.61000           0.05000 
         RHS   DEMM8P1       4.53095           0.09500 
         RHS   DEMM8P1      13.50698           0.19000 
         RHS   DEMM8P1      18.81099           0.19000 
         RHS   DEMM8P1      22.89101           0.19000 
         RHS   DEMM8P1      28.19502           0.19000 
         RHS   DEMM8P1      37.17105           0.09500 
         RHS   DEMM8P1      74.67000           0.05000 
         RHS   DEMM8TH       0.15157           0.09500 
         RHS   DEMM8TH       1.11431           0.19000 
         RHS   DEMM8TH       1.68320           0.19000 
         RHS   DEMM8TH       2.12080           0.19000 
         RHS   DEMM8TH       2.68969           0.19000 
         RHS   DEMM8TH       3.65243           0.09500 
         RHS   DEMM8TH       8.85000           0.05000 
         RHS   DEMM8TL       7.12505           0.09500 
         RHS   DEMM8TL      11.98812           0.19000 
         RHS   DEMM8TL      14.86176           0.19000 
         RHS   DEMM8TL      17.07224           0.19000 
         RHS   DEMM8TL      19.94588           0.19000 
         RHS   DEMM8TL      24.80895           0.09500 
         RHS   DEMM8TL      49.96000           0.05000 
         RHS   DEMMQP2       2.15157           0.09500 
         RHS   DEMMQP2       3.11431           0.19000 
         RHS   DEMMQP2       3.68320           0.19000 
         RHS   DEMMQP2       4.12080           0.19000 
         RHS   DEMMQP2       4.68969           0.19000 
         RHS   DEMMQP2       5.65243           0.09500 
         RHS   DEMMQP2      10.85000           0.05000 
         RHS   DEMMQTL       1.15157           0.09500 
         RHS   DEMMQTL       2.11431           0.19000 
         RHS   DEMMQTL       2.68320           0.19000 
         RHS   DEMMQTL       3.12080           0.19000 
         RHS   DEMMQTL       3.68969           0.19000 
         RHS   DEMMQTL       4.65243           0.09500 
         RHS   DEMMQTL       9.85000           0.05000 
         RHS   DEMP1P2       4.15157           0.09500 
         RHS   DEMP1P2       5.11431           0.19000 
         RHS   DEMP1P2       5.68320           0.19000 
         RHS   DEMP1P2       6.12080           0.19000 
         RHS   DEMP1P2       6.68969           0.19000 
         RHS   DEMP1P2       7.65243           0.09500 
         RHS   DEMP1P2      12.85000           0.05000 
         RHS   DEMP1PZ       0.00000           0.09500 
         RHS   DEMP1PZ       0.98812           0.19000 
         RHS   DEMP1PZ       3.86176           0.19000 
         RHS   DEMP1PZ       6.07224           0.19000 
         RHS   DEMP1PZ       8.94588           0.19000 
         RHS   DEMP1PZ      13.80895           0.09500 
         RHS   DEMP1PZ      38.96000           0.05000 
         RHS   DEMP1RM       1.18082           0.09500 
         RHS   DEMP1RM       3.74172           0.19000 
         RHS   DEMP1RM       5.25498           0.19000 
         RHS   DEMP1RM       6.41902           0.19000 
         RHS   DEMP1RM       7.93228           0.19000 
         RHS   DEMP1RM      10.49318           0.09500 
         RHS   DEMP1RM      24.61000           0.05000 
         RHS   DEMP1TL       9.12505           0.09500 
         RHS   DEMP1TL      13.98812           0.19000 
         RHS   DEMP1TL      16.86176           0.19000 
         RHS   DEMP1TL      19.07224           0.19000 
         RHS   DEMP1TL      21.94588           0.19000 
         RHS   DEMP1TL      26.80895           0.09500 
         RHS   DEMP1TL      51.96000           0.05000 
         RHS   DEMP2PP       0.00000           0.09500 
         RHS   DEMP2PP       0.11431           0.19000 
         RHS   DEMP2PP       0.68320           0.19000 
         RHS   DEMP2PP       1.12080           0.19000 
         RHS   DEMP2PP       1.68969           0.19000 
         RHS   DEMP2PP       2.65243           0.09500 
         RHS   DEMP2PP       7.85000           0.05000 
         RHS   DEMP2RM       4.18082           0.09500 
         RHS   DEMP2RM       6.74172           0.19000 
         RHS   DEMP2RM       8.25498           0.19000 
         RHS   DEMP2RM       9.41902           0.19000 
         RHS   DEMP2RM      10.93228           0.19000 
         RHS   DEMP2RM      13.49318           0.09500 
         RHS   DEMP2RM      27.61000           0.05000 
         RHS   DEMP2TH       1.15157           0.09500 
         RHS   DEMP2TH       2.11431           0.19000 
         RHS   DEMP2TH       2.68320           0.19000 
         RHS   DEMP2TH       3.12080           0.19000 
         RHS   DEMP2TH       3.68969           0.19000 
         RHS   DEMP2TH       4.65243           0.09500 
         RHS   DEMP2TH       9.85000           0.05000 
         RHS   DEMP2TL      30.15157           0.09500 
         RHS   DEMP2TL      31.11431           0.19000 
         RHS   DEMP2TL      31.68320           0.19000 
         RHS   DEMP2TL      32.12080           0.19000 
         RHS   DEMP2TL      32.68969           0.19000 
         RHS   DEMP2TL      33.65243           0.09500 
         RHS   DEMP2TL      38.85000           0.05000 
         RHS   DEMP3TH       0.00000           0.47500 
         RHS   DEMP3TH       0.12080           0.19000 
         RHS   DEMP3TH       0.68969           0.19000 
         RHS   DEMP3TH       1.65243           0.09500 
         RHS   DEMP3TH       6.85000           0.05000 
         RHS   DEMPPTH       7.12505           0.09500 
         RHS   DEMPPTH      11.98812           0.19000 
         RHS   DEMPPTH      14.86176           0.19000 
         RHS   DEMPPTH      17.07224           0.19000 
         RHS   DEMPPTH      19.94588           0.19000 
         RHS   DEMPPTH      24.80895           0.09500 
         RHS   DEMPPTH      49.96000           0.05000 
         RHS   DEMPPTL      29.12505           0.09500 
         RHS   DEMPPTL      33.98812           0.19000 
         RHS   DEMPPTL      36.86176           0.19000 
         RHS   DEMPPTL      39.07224           0.19000 
         RHS   DEMPPTL      41.94588           0.19000 
         RHS   DEMPPTL      46.80895           0.09500 
         RHS   DEMPPTL      71.96000           0.05000 
         RHS   DEMPUTL       7.12505           0.09500 
         RHS   DEMPUTL      11.98812           0.19000 
         RHS   DEMPUTL      14.86176           0.19000 
         RHS   DEMPUTL      17.07224           0.19000 
         RHS   DEMPUTL      19.94588           0.19000 
         RHS   DEMPUTL      24.80895           0.09500 
         RHS   DEMPUTL      49.96000           0.05000 
         RHS   DEMPZTL       0.18082           0.09500 
         RHS   DEMPZTL       2.74172           0.19000 
         RHS   DEMPZTL       4.25498           0.19000 
         RHS   DEMPZTL       5.41902           0.19000 
         RHS   DEMPZTL       6.93228           0.19000 
         RHS   DEMPZTL       9.49318           0.09500 
         RHS   DEMPZTL      23.61000           0.05000 
         RHS   DEMTHTL      44.15157           0.09500 
         RHS   DEMTHTL      45.11431           0.19000 
         RHS   DEMTHTL      45.68320           0.19000 
         RHS   DEMTHTL      46.12080           0.19000 
         RHS   DEMTHTL      46.68969           0.19000 
         RHS   DEMTHTL      47.65243           0.09500 
         RHS   DEMTHTL      52.85000           0.05000 
# ENDATA